{
 "cells": [
  {
   "cell_type": "code",
   "execution_count": 3,
   "metadata": {},
   "outputs": [],
   "source": [
    "import pandas as pd\n",
    "import numpy as np\n",
    "import torch\n",
    "from torch import nn \n",
    "from torch.utils.data import DataLoader     # 데이터로더는 데이터셋을 iterable하게 감싸는 역할\n",
    "from torchvision import datasets            # 데이터셋은 샘플과 정답을 저장함\n",
    "from torchvision.transforms import ToTensor\n",
    "import clip\n",
    "from PIL import Image"
   ]
  },
  {
   "cell_type": "code",
   "execution_count": 4,
   "metadata": {},
   "outputs": [],
   "source": [
    "device = \"cuda\" if torch.cuda.is_available() else \"cpu\"\n",
    "model, preprocess = clip.load(\"ViT-B/32\", device=device)\n",
    "\n",
    "image_title = 'A dog is sitting on a couch with a stuffed animal.png'\n",
    "\n",
    "image = preprocess(Image.open(image_title)).unsqueeze(0).to(device)\n",
    "text = clip.tokenize(\"A dog is sitting on a couch with a stuffed animal.png\").to(device)"
   ]
  },
  {
   "cell_type": "code",
   "execution_count": 5,
   "metadata": {},
   "outputs": [
    {
     "name": "stdout",
     "output_type": "stream",
     "text": [
      "torch.Size([1, 50, 768])\n",
      "torch.Size([1, 768])\n",
      "torch.Size([1, 512])\n"
     ]
    }
   ],
   "source": [
    "img_embeddings = [torch.zeros([1, 512]) for i in range(model.visual.transformer.layers)]\n",
    "\n",
    "#%% model.encode_image\n",
    "\n",
    "# image -> tokens\n",
    "x = model.visual.conv1(image.type(model.visual.conv1.weight.dtype))\n",
    "x = x.reshape(x.shape[0], x.shape[1], -1)   # shape = [*, width, grid ** 2]\n",
    "x = x.permute(0, 2, 1)                      # shape = [*, grid ** 2, width]\n",
    "x = torch.cat([model.visual.class_embedding.to(x.dtype) + torch.zeros(x.shape[0], 1, x.shape[-1], dtype=x.dtype, device=x.device), x], dim=1)  # shape = [*, grid ** 2 + 1, width]\n",
    "x = x + model.visual.positional_embedding.to(x.dtype)\n",
    "x = model.visual.ln_pre(x)\n",
    "\n",
    "# tokens -> transformer -> feature_embeddings\n",
    "x = x.permute(1, 0, 2)  # NLD -> LND\n",
    "\n",
    "for i in range(model.visual.transformer.layers):\n",
    "    x = model.visual.transformer.resblocks[i](x)\n",
    "    tmp = x.permute(1, 0, 2)\n",
    "    tmp = model.visual.ln_post(tmp[:, 0, :])\n",
    "    if model.visual.proj is not None:\n",
    "        tmp = tmp @ model.visual.proj\n",
    "    img_embeddings[i].copy_(tmp)\n",
    "\n",
    "x = x.permute(1, 0, 2)  # LND -> NLD\n",
    "print(x.shape)  \n",
    "\n",
    "x = model.visual.ln_post(x[:, 0, :])    # [CLS] token의 임베딩을 사용\n",
    "print(x.shape)  \n",
    "\n",
    "if model.visual.proj is not None:\n",
    "    x = x @ model.visual.proj\n",
    "print(x.shape)"
   ]
  },
  {
   "cell_type": "code",
   "execution_count": 6,
   "metadata": {},
   "outputs": [
    {
     "name": "stdout",
     "output_type": "stream",
     "text": [
      "torch.Size([1, 77, 512])\n",
      "torch.Size([1, 512])\n"
     ]
    }
   ],
   "source": [
    "txt_embeddings = [torch.zeros([1, 512]) for i in range(model.transformer.layers)]\n",
    "\n",
    "#%% model.encode_image\n",
    "\n",
    "x = model.token_embedding(text).type(model.dtype)  # [batch_size, n_ctx, d_model]\n",
    "\n",
    "x = x + model.positional_embedding.type(model.dtype)\n",
    "x = x.permute(1, 0, 2)  # NLD -> LND\n",
    "\n",
    "for i in range(model.transformer.layers):\n",
    "    x = model.transformer.resblocks[i](x)\n",
    "    tmp = x.permute(1, 0, 2)\n",
    "    tmp = model.ln_final(tmp).type(model.dtype)\n",
    "    tmp = tmp[torch.arange(tmp.shape[0]), text.argmax(dim=-1)] @ model.text_projection\n",
    "    txt_embeddings[i].copy_(tmp)\n",
    "\n",
    "\n",
    "x = x.permute(1, 0, 2)  # LND -> NLD\n",
    "x = model.ln_final(x).type(model.dtype)\n",
    "print(x.shape)\n",
    "\n",
    "x = x[torch.arange(x.shape[0]), text.argmax(dim=-1)] @ model.text_projection    \n",
    "    # x.shape[0] : 들어온 단어 토큰의 개수\n",
    "    # x[[(which_word_token)], (which_end_token)] : [CLS] token이 아니라 end token의 임베딩을 사용\n",
    "    # text.argmax(dim=-1) : end token의 위치\n",
    "print(x.shape)\n"
   ]
  },
  {
   "cell_type": "code",
   "execution_count": 8,
   "metadata": {},
   "outputs": [
    {
     "data": {
      "text/plain": [
       "(12, 12)"
      ]
     },
     "execution_count": 8,
     "metadata": {},
     "output_type": "execute_result"
    }
   ],
   "source": [
    "len(img_embeddings), len(txt_embeddings)"
   ]
  },
  {
   "cell_type": "code",
   "execution_count": 20,
   "metadata": {},
   "outputs": [
    {
     "data": {
      "text/plain": [
       "[[2.501817464828491,\n",
       "  4.849160671234131,\n",
       "  4.716002941131592,\n",
       "  4.787253379821777,\n",
       "  1.205403208732605,\n",
       "  0.48790448904037476,\n",
       "  5.24664306640625,\n",
       "  6.5477986335754395,\n",
       "  4.552478790283203,\n",
       "  7.057314395904541,\n",
       "  4.469366073608398,\n",
       "  9.94657039642334],\n",
       " [1.3229795694351196,\n",
       "  3.3995361328125,\n",
       "  3.2204341888427734,\n",
       "  3.1518073081970215,\n",
       "  -0.6400675773620605,\n",
       "  -1.2784724235534668,\n",
       "  3.543281078338623,\n",
       "  5.218833923339844,\n",
       "  3.367579460144043,\n",
       "  6.245415210723877,\n",
       "  4.461362361907959,\n",
       "  10.032344818115234],\n",
       " [1.6270900964736938,\n",
       "  3.4631729125976562,\n",
       "  3.4350616931915283,\n",
       "  3.2851505279541016,\n",
       "  -0.35106775164604187,\n",
       "  -1.0539891719818115,\n",
       "  3.8040571212768555,\n",
       "  5.455502033233643,\n",
       "  3.350917100906372,\n",
       "  6.090952396392822,\n",
       "  4.210789203643799,\n",
       "  9.992056846618652],\n",
       " [2.112712860107422,\n",
       "  3.9352617263793945,\n",
       "  3.8565807342529297,\n",
       "  3.5443649291992188,\n",
       "  -0.12104439735412598,\n",
       "  -0.9199535846710205,\n",
       "  3.926861047744751,\n",
       "  5.421072959899902,\n",
       "  3.50542950630188,\n",
       "  6.1039605140686035,\n",
       "  3.999701738357544,\n",
       "  9.693461418151855],\n",
       " [2.214921712875366,\n",
       "  3.8491246700286865,\n",
       "  3.9205925464630127,\n",
       "  3.755575656890869,\n",
       "  -0.0828302800655365,\n",
       "  -1.1229074001312256,\n",
       "  3.8143839836120605,\n",
       "  5.468160629272461,\n",
       "  3.264867067337036,\n",
       "  6.079803943634033,\n",
       "  3.7609338760375977,\n",
       "  9.62408447265625],\n",
       " [1.3777868747711182,\n",
       "  3.3112974166870117,\n",
       "  3.8110437393188477,\n",
       "  3.643217086791992,\n",
       "  -0.22063079476356506,\n",
       "  -1.0065852403640747,\n",
       "  4.450476169586182,\n",
       "  5.968121528625488,\n",
       "  3.9292712211608887,\n",
       "  6.648737907409668,\n",
       "  4.260992050170898,\n",
       "  10.50932788848877],\n",
       " [1.9260956048965454,\n",
       "  4.2125139236450195,\n",
       "  4.888388633728027,\n",
       "  5.0851216316223145,\n",
       "  0.8230487108230591,\n",
       "  0.17547467350959778,\n",
       "  5.507833003997803,\n",
       "  7.277202606201172,\n",
       "  5.517534255981445,\n",
       "  8.226941108703613,\n",
       "  6.22603702545166,\n",
       "  12.591923713684082],\n",
       " [2.565786123275757,\n",
       "  5.002923488616943,\n",
       "  5.617875099182129,\n",
       "  6.1066365242004395,\n",
       "  1.958617091178894,\n",
       "  1.6780017614364624,\n",
       "  7.3155364990234375,\n",
       "  8.685787200927734,\n",
       "  6.775002479553223,\n",
       "  9.168472290039062,\n",
       "  7.156192302703857,\n",
       "  13.245804786682129],\n",
       " [3.8193743228912354,\n",
       "  5.804977893829346,\n",
       "  6.628039360046387,\n",
       "  6.924951553344727,\n",
       "  2.0048351287841797,\n",
       "  2.2423171997070312,\n",
       "  7.744480133056641,\n",
       "  9.154716491699219,\n",
       "  7.265137195587158,\n",
       "  9.51130485534668,\n",
       "  8.440030097961426,\n",
       "  13.957763671875],\n",
       " [4.937297344207764,\n",
       "  6.562867641448975,\n",
       "  7.444637775421143,\n",
       "  7.939623832702637,\n",
       "  2.3219707012176514,\n",
       "  2.3654263019561768,\n",
       "  7.673761367797852,\n",
       "  9.431879997253418,\n",
       "  8.203306198120117,\n",
       "  9.797059059143066,\n",
       "  8.777352333068848,\n",
       "  14.622955322265625],\n",
       " [5.343286037445068,\n",
       "  7.014270782470703,\n",
       "  7.986630439758301,\n",
       "  9.275208473205566,\n",
       "  3.655764579772949,\n",
       "  3.7394864559173584,\n",
       "  9.967379570007324,\n",
       "  11.703448295593262,\n",
       "  10.978771209716797,\n",
       "  12.453157424926758,\n",
       "  13.172361373901367,\n",
       "  18.93843650817871],\n",
       " [10.72659683227539,\n",
       "  11.778487205505371,\n",
       "  14.422587394714355,\n",
       "  16.74777603149414,\n",
       "  12.879426002502441,\n",
       "  11.794206619262695,\n",
       "  15.632414817810059,\n",
       "  15.983489990234375,\n",
       "  17.577306747436523,\n",
       "  16.90006446838379,\n",
       "  20.982013702392578,\n",
       "  23.237457275390625]]"
      ]
     },
     "execution_count": 20,
     "metadata": {},
     "output_type": "execute_result"
    }
   ],
   "source": [
    "img_similarity_by_layer = [[(img_embeddings[i] @ txt_embeddings[j].T).item() for j in range(12)] for i in range(12)]\n",
    "img_similarity_by_layer"
   ]
  },
  {
   "cell_type": "code",
   "execution_count": 21,
   "metadata": {},
   "outputs": [
    {
     "data": {
      "text/plain": [
       "[[2.501817464828491,\n",
       "  1.3229795694351196,\n",
       "  1.6270900964736938,\n",
       "  2.112712860107422,\n",
       "  2.214921712875366,\n",
       "  1.3777868747711182,\n",
       "  1.9260956048965454,\n",
       "  2.565786123275757,\n",
       "  3.8193743228912354,\n",
       "  4.937297344207764,\n",
       "  5.343286037445068,\n",
       "  10.72659683227539],\n",
       " [4.849160671234131,\n",
       "  3.3995361328125,\n",
       "  3.4631729125976562,\n",
       "  3.9352617263793945,\n",
       "  3.8491246700286865,\n",
       "  3.3112974166870117,\n",
       "  4.2125139236450195,\n",
       "  5.002923488616943,\n",
       "  5.804977893829346,\n",
       "  6.562867641448975,\n",
       "  7.014270782470703,\n",
       "  11.778487205505371],\n",
       " [4.716002941131592,\n",
       "  3.2204341888427734,\n",
       "  3.4350616931915283,\n",
       "  3.8565807342529297,\n",
       "  3.9205925464630127,\n",
       "  3.8110437393188477,\n",
       "  4.888388633728027,\n",
       "  5.617875099182129,\n",
       "  6.628039360046387,\n",
       "  7.444637775421143,\n",
       "  7.986630439758301,\n",
       "  14.422587394714355],\n",
       " [4.787253379821777,\n",
       "  3.1518073081970215,\n",
       "  3.2851505279541016,\n",
       "  3.5443649291992188,\n",
       "  3.755575656890869,\n",
       "  3.643217086791992,\n",
       "  5.0851216316223145,\n",
       "  6.1066365242004395,\n",
       "  6.924951553344727,\n",
       "  7.939623832702637,\n",
       "  9.275208473205566,\n",
       "  16.74777603149414],\n",
       " [1.205403208732605,\n",
       "  -0.6400675773620605,\n",
       "  -0.35106775164604187,\n",
       "  -0.12104439735412598,\n",
       "  -0.0828302800655365,\n",
       "  -0.22063079476356506,\n",
       "  0.8230487108230591,\n",
       "  1.958617091178894,\n",
       "  2.0048351287841797,\n",
       "  2.3219707012176514,\n",
       "  3.655764579772949,\n",
       "  12.879426002502441],\n",
       " [0.48790448904037476,\n",
       "  -1.2784724235534668,\n",
       "  -1.0539891719818115,\n",
       "  -0.9199535846710205,\n",
       "  -1.1229074001312256,\n",
       "  -1.0065852403640747,\n",
       "  0.17547467350959778,\n",
       "  1.6780017614364624,\n",
       "  2.2423171997070312,\n",
       "  2.3654263019561768,\n",
       "  3.7394864559173584,\n",
       "  11.794206619262695],\n",
       " [5.24664306640625,\n",
       "  3.543281078338623,\n",
       "  3.8040571212768555,\n",
       "  3.926861047744751,\n",
       "  3.8143839836120605,\n",
       "  4.450476169586182,\n",
       "  5.507833003997803,\n",
       "  7.3155364990234375,\n",
       "  7.744480133056641,\n",
       "  7.673761367797852,\n",
       "  9.967379570007324,\n",
       "  15.632414817810059],\n",
       " [6.5477986335754395,\n",
       "  5.218833923339844,\n",
       "  5.455502033233643,\n",
       "  5.421072959899902,\n",
       "  5.468160629272461,\n",
       "  5.968121528625488,\n",
       "  7.277202606201172,\n",
       "  8.685787200927734,\n",
       "  9.154716491699219,\n",
       "  9.431879997253418,\n",
       "  11.703448295593262,\n",
       "  15.983489990234375],\n",
       " [4.552478790283203,\n",
       "  3.367579460144043,\n",
       "  3.350917100906372,\n",
       "  3.50542950630188,\n",
       "  3.264867067337036,\n",
       "  3.9292712211608887,\n",
       "  5.517534255981445,\n",
       "  6.775002479553223,\n",
       "  7.265137195587158,\n",
       "  8.203306198120117,\n",
       "  10.978771209716797,\n",
       "  17.577306747436523],\n",
       " [7.057314395904541,\n",
       "  6.245415210723877,\n",
       "  6.090952396392822,\n",
       "  6.1039605140686035,\n",
       "  6.079803943634033,\n",
       "  6.648737907409668,\n",
       "  8.226941108703613,\n",
       "  9.168472290039062,\n",
       "  9.51130485534668,\n",
       "  9.797059059143066,\n",
       "  12.453157424926758,\n",
       "  16.90006446838379],\n",
       " [4.469366073608398,\n",
       "  4.461362361907959,\n",
       "  4.210789203643799,\n",
       "  3.999701738357544,\n",
       "  3.7609338760375977,\n",
       "  4.260992050170898,\n",
       "  6.22603702545166,\n",
       "  7.156192302703857,\n",
       "  8.440030097961426,\n",
       "  8.777352333068848,\n",
       "  13.172361373901367,\n",
       "  20.982013702392578],\n",
       " [9.94657039642334,\n",
       "  10.032344818115234,\n",
       "  9.992056846618652,\n",
       "  9.693461418151855,\n",
       "  9.62408447265625,\n",
       "  10.50932788848877,\n",
       "  12.591923713684082,\n",
       "  13.245804786682129,\n",
       "  13.957763671875,\n",
       "  14.622955322265625,\n",
       "  18.93843650817871,\n",
       "  23.237457275390625]]"
      ]
     },
     "execution_count": 21,
     "metadata": {},
     "output_type": "execute_result"
    }
   ],
   "source": [
    "txt_similarity_by_layer = [[(txt_embeddings[i] @ img_embeddings[j].T).item() for j in range(12)] for i in range(12)]\n",
    "txt_similarity_by_layer"
   ]
  },
  {
   "cell_type": "code",
   "execution_count": 27,
   "metadata": {},
   "outputs": [
    {
     "name": "stdout",
     "output_type": "stream",
     "text": [
      "[0.06, 0.05, 0.05, 0.05, 0.05, 0.05, 0.07, 0.08, 0.09, 0.1, 0.13, 0.21]\n",
      "[0.05, 0.07, 0.08, 0.08, 0.03, 0.02, 0.09, 0.11, 0.09, 0.12, 0.1, 0.18]\n"
     ]
    }
   ],
   "source": [
    "img_sum_similarity_by_layer = [sum(x) for x in img_similarity_by_layer]\n",
    "txt_sum_similarity_by_layer = [sum(x) for x in txt_similarity_by_layer]\n",
    "print([round(x/sum(img_sum_similarity_by_layer), 2) for x in img_sum_similarity_by_layer])\n",
    "print([round(x/sum(txt_sum_similarity_by_layer), 2) for x in txt_sum_similarity_by_layer])\n",
    "# 이 결과값을 각 레이어에 대한 가중치로 준다면 어떨까?"
   ]
  },
  {
   "cell_type": "code",
   "execution_count": null,
   "metadata": {},
   "outputs": [],
   "source": []
  }
 ],
 "metadata": {
  "kernelspec": {
   "display_name": "dev",
   "language": "python",
   "name": "python3"
  },
  "language_info": {
   "codemirror_mode": {
    "name": "ipython",
    "version": 3
   },
   "file_extension": ".py",
   "mimetype": "text/x-python",
   "name": "python",
   "nbconvert_exporter": "python",
   "pygments_lexer": "ipython3",
   "version": "3.9.15"
  },
  "orig_nbformat": 4,
  "vscode": {
   "interpreter": {
    "hash": "3e13486f50ad8491adee3900c65648710623e910042c80717865a7ec3732c806"
   }
  }
 },
 "nbformat": 4,
 "nbformat_minor": 2
}
